400
1
23
-24
43
-41
38
28
15
-16
47
-3
-48
-24
-35
4
-13
18
10
-25
44
-25
-5
-48
-6
-15
-15
28
-25
0
-3
48
-27
0
-25
16
-24
-10
-6
32
-37
-1
-19
12
32
-11
47
45
-12
-14
-42
-27
23
22
-20
29
4
39
0
-17
-27
-33
47
36
-13
-32
-1
-34
14
-11
6
40
1
-44
-46
-21
22
-45
28
15
16
41
22
6
-49
0
-5
28
29
-31
-42
13
29
13
-46
46
-34
-28
40
32
13
28
18
15
-7
-2
-2
4
-32
-20
13
-45
-31
47
18
22
-45
35
32
24
-38
15
5
11
32
-4
34
7
-11
-35
-32
-1
24
-43
29
-45
4
-13
0
-24
-38
-32
43
-20
-40
-34
0
-5
17
18
-34
49
37
30
11
15
-46
22
4
42
-12
-31
11
1
33
39
-11
-1
-34
3
-22
40
-33
22
-47
32
40
38
-8
33
-49
34
-17
-45
-28
-42
40
-32
-27
-32
48
36
34
21
20
21
-1
26
-22
9
-42
-15
28
11
30
41
-35
-27
-26
43
40
27
-2
7
46
-42
9
13
-38
39
-44
-32
17
40
38
29
-28
-19
43
-46
3
1
4
-43
-28
-21
38
14
36
29
21
-5
-43
-5
-40
-12
-14
-21
12
-44
-5
-22
36
34
34
25
37
29
-42
-46
25
-26
0
7
-22
32
-7
41
-12
46
16
-28
-22
28
19
0
47
13
-39
9
23
4
-34
-35
-4
23
-3
-35
0
-3
-4
5
-19
-32
-34
-45
-40
29
10
36
-37
-30
47
34
-27
36
13
6
48
48
46
-39
22
-28
14
-17
-47
3
7
-16
42
-47
-30
6
24
36
38
-38
32
-31
-10
9
-26
45
-16
-5
2
-35
19
-25
-41
36
-46
-24
18
31
44
-14
-17
-2
-17
-24
-43
35
7
29
-3
-3
-8
40
-7
7
-5
-12
-3
-11
21
0
-37
-29
-6
3
-29
23
49
-18
8
11
-19
-27
24
14
17
3
-42
30
23
44
-24
-32
23
42
-37
-10
-42
40
6
-40
-47
18
47

